[77.77777777777834]

[77.77777777777834, 75.23669822642894]

[77.77777777777834, 75.23669822642894, 75.72475791124755]

[77.77777777777834, 75.23669822642894, 75.72475791124755, 68.45947338866694]

[77.77777777777834, 75.23669822642894, 75.72475791124755, 68.45947338866694, 69.09805329871682]

[77.77777777777834, 75.23669822642894, 75.72475791124755, 68.45947338866694, 69.09805329871682, 72.40701927478474]

[77.77777777777834, 75.23669822642894, 75.72475791124755, 68.45947338866694, 69.09805329871682, 72.40701927478474, 62.00648691289624]

[77.77777777777834, 75.23669822642894, 75.72475791124755, 68.45947338866694, 69.09805329871682, 72.40701927478474, 62.00648691289624, 60.8302648966546]

[77.77777777777834, 75.23669822642894, 75.72475791124755, 68.45947338866694, 69.09805329871682, 72.40701927478474, 62.00648691289624, 60.8302648966546, 55.65696365937895]

[77.77777777777834, 75.23669822642894, 75.72475791124755, 68.45947338866694, 69.09805329871682, 72.40701927478474, 62.00648691289624, 60.8302648966546, 55.65696365937895, 56.998602476731506]

[77.77777777777834, 75.23669822642894, 75.72475791124755, 68.45947338866694, 69.09805329871682, 72.40701927478474, 62.00648691289624, 60.8302648966546, 55.65696365937895, 56.998602476731506, 55.82507705005926]

[77.77777777777834, 75.23669822642894, 75.72475791124755, 68.45947338866694, 69.09805329871682, 72.40701927478474, 62.00648691289624, 60.8302648966546, 55.65696365937895, 56.998602476731506, 55.82507705005926, 53.4546402203014]

[77.77777777777834, 75.23669822642894, 75.72475791124755, 68.45947338866694, 69.09805329871682, 72.40701927478474, 62.00648691289624, 60.8302648966546, 55.65696365937895, 56.998602476731506, 55.82507705005926, 53.4546402203014, 48.46786132144988]

[77.77777777777834, 75.23669822642894, 75.72475791124755, 68.45947338866694, 69.09805329871682, 72.40701927478474, 62.00648691289624, 60.8302648966546, 55.65696365937895, 56.998602476731506, 55.82507705005926, 53.4546402203014, 48.46786132144988, 52.153211496593144]

[77.77777777777834, 75.23669822642894, 75.72475791124755, 68.45947338866694, 69.09805329871682, 72.40701927478474, 62.00648691289624, 60.8302648966546, 55.65696365937895, 56.998602476731506, 55.82507705005926, 53.4546402203014, 48.46786132144988, 52.153211496593144, 55.666595487344985]

[77.77777777777834, 75.23669822642894, 75.72475791124755, 68.45947338866694, 69.09805329871682, 72.40701927478474, 62.00648691289624, 60.8302648966546, 55.65696365937895, 56.998602476731506, 55.82507705005926, 53.4546402203014, 48.46786132144988, 52.153211496593144, 55.666595487344985, 56.15493278970758]

[77.77777777777834, 75.23669822642894, 75.72475791124755, 68.45947338866694, 69.09805329871682, 72.40701927478474, 62.00648691289624, 60.8302648966546, 55.65696365937895, 56.998602476731506, 55.82507705005926, 53.4546402203014, 48.46786132144988, 52.153211496593144, 55.666595487344985, 56.15493278970758, 60.384369947365066]

[77.77777777777834, 75.23669822642894, 75.72475791124755, 68.45947338866694, 69.09805329871682, 72.40701927478474, 62.00648691289624, 60.8302648966546, 55.65696365937895, 56.998602476731506, 55.82507705005926, 53.4546402203014, 48.46786132144988, 52.153211496593144, 55.666595487344985, 56.15493278970758, 60.384369947365066, 56.4732760484146]

[77.77777777777834, 75.23669822642894, 75.72475791124755, 68.45947338866694, 69.09805329871682, 72.40701927478474, 62.00648691289624, 60.8302648966546, 55.65696365937895, 56.998602476731506, 55.82507705005926, 53.4546402203014, 48.46786132144988, 52.153211496593144, 55.666595487344985, 56.15493278970758, 60.384369947365066, 56.4732760484146, 50.07032434018291]

[77.77777777777834, 75.23669822642894, 75.72475791124755, 68.45947338866694, 69.09805329871682, 72.40701927478474, 62.00648691289624, 60.8302648966546, 55.65696365937895, 56.998602476731506, 55.82507705005926, 53.4546402203014, 48.46786132144988, 52.153211496593144, 55.666595487344985, 56.15493278970758, 60.384369947365066, 56.4732760484146, 50.07032434018291, 49.52063733792324]

