
[29.999999999999666]

[29.999999999999666, 31.305506216697214]

[29.999999999999666, 31.305506216697214, 32.658049825877015]

[29.999999999999666, 31.305506216697214, 32.658049825877015, 34.95666149191967]

[29.999999999999666, 31.305506216697214, 32.658049825877015, 34.95666149191967, 34.95666149191967]

[29.999999999999666, 31.305506216697214, 32.658049825877015, 34.95666149191967, 34.95666149191967, 36.95330975001914]

[32.142857142857665]

[32.142857142857665, 29.750346740638424]

[52.00000000000102]

[52.00000000000102, 59.05511811023696]

[52.00000000000102, 59.05511811023696, 60.61371140027232]

[52.00000000000102, 59.05511811023696, 60.61371140027232, 64.92703108994455]

[52.00000000000102, 59.05511811023696, 60.61371140027232, 64.92703108994455, 56.104596409285215]

[52.00000000000102, 59.05511811023696, 60.61371140027232, 64.92703108994455, 56.104596409285215, 52.27944554933398]

[52.00000000000102, 59.05511811023696, 60.61371140027232, 64.92703108994455, 56.104596409285215, 52.27944554933398, 48.70346867469183]

[52.00000000000102, 59.05511811023696, 60.61371140027232, 64.92703108994455, 56.104596409285215, 52.27944554933398, 48.70346867469183, 53.80747679512501]

[52.00000000000102, 59.05511811023696, 60.61371140027232, 64.92703108994455, 56.104596409285215, 52.27944554933398, 48.70346867469183, 53.80747679512501, 55.400481138144386]

[54.882812500000746]

[45.23809523809517]

[45.23809523809517, 42.00680272108846]

[45.23809523809517, 42.00680272108846, 42.006802721088455]

[48.484848484848484]

[48.484848484848484, 48.48484848484849]

[61.728395061730765]

[61.728395061730765, 48.25538233110499]

[61.728395061730765, 48.25538233110499, 50.11652872845991]

[61.728395061730765, 48.25538233110499, 50.11652872845991, 47.890500541588274]

[61.728395061730765, 48.25538233110499, 50.11652872845991, 47.890500541588274, 55.96489531297132]

[61.728395061730765, 48.25538233110499, 50.11652872845991, 47.890500541588274, 55.96489531297132, 58.66400672920683]

[61.728395061730765, 48.25538233110499, 50.11652872845991, 47.890500541588274, 55.96489531297132, 58.66400672920683, 56.58878582743097]

[61.728395061730765, 48.25538233110499, 50.11652872845991, 47.890500541588274, 55.96489531297132, 58.66400672920683, 56.58878582743097, 44.01335139611012]

[61.728395061730765, 48.25538233110499, 50.11652872845991, 47.890500541588274, 55.96489531297132, 58.66400672920683, 56.58878582743097, 44.01335139611012, 42.13122757936523]

[61.728395061730765, 48.25538233110499, 50.11652872845991, 47.890500541588274, 55.96489531297132, 58.66400672920683, 56.58878582743097, 44.01335139611012, 42.13122757936523, 42.69671271074045]

[61.728395061730765, 48.25538233110499, 50.11652872845991, 47.890500541588274, 55.96489531297132, 58.66400672920683, 56.58878582743097, 44.01335139611012, 42.13122757936523, 42.69671271074045, 46.1000221703137]

[61.728395061730765, 48.25538233110499, 50.11652872845991, 47.890500541588274, 55.96489531297132, 58.66400672920683, 56.58878582743097, 44.01335139611012, 42.13122757936523, 42.69671271074045, 46.1000221703137, 52.51212417741002]

[61.728395061730765, 48.25538233110499, 50.11652872845991, 47.890500541588274, 55.96489531297132, 58.66400672920683, 56.58878582743097, 44.01335139611012, 42.13122757936523, 42.69671271074045, 46.1000221703137, 52.51212417741002, 47.398513895578745]

[61.728395061730765, 48.25538233110499, 50.11652872845991, 47.890500541588274, 55.96489531297132, 58.66400672920683, 56.58878582743097, 44.01335139611012, 42.13122757936523, 42.69671271074045, 46.1000221703137, 52.51212417741002, 47.398513895578745, 56.518379536518204]

[61.728395061730765, 48.25538233110499, 50.11652872845991, 47.890500541588274, 55.96489531297132, 58.66400672920683, 56.58878582743097, 44.01335139611012, 42.13122757936523, 42.69671271074045, 46.1000221703137, 52.51212417741002, 47.398513895578745, 56.518379536518204, 55.86644177336909]

[61.728395061730765, 48.25538233110499, 50.11652872845991, 47.890500541588274, 55.96489531297132, 58.66400672920683, 56.58878582743097, 44.01335139611012, 42.13122757936523, 42.69671271074045, 46.1000221703137, 52.51212417741002, 47.398513895578745, 56.518379536518204, 55.86644177336909, 55.180968636762174]

[61.728395061730765, 48.25538233110499, 50.11652872845991, 47.890500541588274, 55.96489531297132, 58.66400672920683, 56.58878582743097, 44.01335139611012, 42.13122757936523, 42.69671271074045, 46.1000221703137, 52.51212417741002, 47.398513895578745, 56.518379536518204, 55.86644177336909, 55.180968636762174, 52.7417716751846]

[61.728395061730765, 48.25538233110499, 50.11652872845991, 47.890500541588274, 55.96489531297132, 58.66400672920683, 56.58878582743097, 44.01335139611012, 42.13122757936523, 42.69671271074045, 46.1000221703137, 52.51212417741002, 47.398513895578745, 56.518379536518204, 55.86644177336909, 55.180968636762174, 52.7417716751846, 54.59446788884438]

[61.728395061730765, 48.25538233110499, 50.11652872845991, 47.890500541588274, 55.96489531297132, 58.66400672920683, 56.58878582743097, 44.01335139611012, 42.13122757936523, 42.69671271074045, 46.1000221703137, 52.51212417741002, 47.398513895578745, 56.518379536518204, 55.86644177336909, 55.180968636762174, 52.7417716751846, 54.59446788884438, 58.12992216558036]

[61.728395061730765, 48.25538233110499, 50.11652872845991, 47.890500541588274, 55.96489531297132, 58.66400672920683, 56.58878582743097, 44.01335139611012, 42.13122757936523, 42.69671271074045, 46.1000221703137, 52.51212417741002, 47.398513895578745, 56.518379536518204, 55.86644177336909, 55.180968636762174, 52.7417716751846, 54.59446788884438, 58.12992216558036, 58.12992216558036]

[67.37967914438498]

[67.37967914438498, 59.39804182279565]

[67.37967914438498, 59.39804182279565, 60.47841866611107]

[67.37967914438498, 59.39804182279565, 60.47841866611107, 61.21928108883825]

[67.37967914438498, 59.39804182279565, 60.47841866611107, 61.21928108883825, 67.18197933089569]

[67.37967914438498, 59.39804182279565, 60.47841866611107, 61.21928108883825, 67.18197933089569, 71.62009849662581]

[67.37967914438498, 59.39804182279565, 60.47841866611107, 61.21928108883825, 67.18197933089569, 71.62009849662581, 63.950158005390534]

[67.37967914438498, 59.39804182279565, 60.47841866611107, 61.21928108883825, 67.18197933089569, 71.62009849662581, 63.950158005390534, 54.32793560248701]

[67.37967914438498, 59.39804182279565, 60.47841866611107, 61.21928108883825, 67.18197933089569, 71.62009849662581, 63.950158005390534, 54.32793560248701, 47.99746055365502]

[67.37967914438498, 59.39804182279565, 60.47841866611107, 61.21928108883825, 67.18197933089569, 71.62009849662581, 63.950158005390534, 54.32793560248701, 47.99746055365502, 42.78224540701678]

[67.37967914438498, 59.39804182279565, 60.47841866611107, 61.21928108883825, 67.18197933089569, 71.62009849662581, 63.950158005390534, 54.32793560248701, 47.99746055365502, 42.78224540701678, 46.80956382124755]

[67.37967914438498, 59.39804182279565, 60.47841866611107, 61.21928108883825, 67.18197933089569, 71.62009849662581, 63.950158005390534, 54.32793560248701, 47.99746055365502, 42.78224540701678, 46.80956382124755, 50.87200807413771]

[67.37967914438498, 59.39804182279565, 60.47841866611107, 61.21928108883825, 67.18197933089569, 71.62009849662581, 63.950158005390534, 54.32793560248701, 47.99746055365502, 42.78224540701678, 46.80956382124755, 50.87200807413771, 54.89139698348786]

[67.37967914438498, 59.39804182279565, 60.47841866611107, 61.21928108883825, 67.18197933089569, 71.62009849662581, 63.950158005390534, 54.32793560248701, 47.99746055365502, 42.78224540701678, 46.80956382124755, 50.87200807413771, 54.89139698348786, 59.796103235453856]

[67.37967914438498, 59.39804182279565, 60.47841866611107, 61.21928108883825, 67.18197933089569, 71.62009849662581, 63.950158005390534, 54.32793560248701, 47.99746055365502, 42.78224540701678, 46.80956382124755, 50.87200807413771, 54.89139698348786, 59.796103235453856, 60.312460126813725]

[67.37967914438498, 59.39804182279565, 60.47841866611107, 61.21928108883825, 67.18197933089569, 71.62009849662581, 63.950158005390534, 54.32793560248701, 47.99746055365502, 42.78224540701678, 46.80956382124755, 50.87200807413771, 54.89139698348786, 59.796103235453856, 60.312460126813725, 63.35368201729192]

[67.37967914438498, 59.39804182279565, 60.47841866611107, 61.21928108883825, 67.18197933089569, 71.62009849662581, 63.950158005390534, 54.32793560248701, 47.99746055365502, 42.78224540701678, 46.80956382124755, 50.87200807413771, 54.89139698348786, 59.796103235453856, 60.312460126813725, 63.35368201729192, 60.443980356187964]

[67.37967914438498, 59.39804182279565, 60.47841866611107, 61.21928108883825, 67.18197933089569, 71.62009849662581, 63.950158005390534, 54.32793560248701, 47.99746055365502, 42.78224540701678, 46.80956382124755, 50.87200807413771, 54.89139698348786, 59.796103235453856, 60.312460126813725, 63.35368201729192, 60.443980356187964, 53.28978472639767]

[67.37967914438498, 59.39804182279565, 60.47841866611107, 61.21928108883825, 67.18197933089569, 71.62009849662581, 63.950158005390534, 54.32793560248701, 47.99746055365502, 42.78224540701678, 46.80956382124755, 50.87200807413771, 54.89139698348786, 59.796103235453856, 60.312460126813725, 63.35368201729192, 60.443980356187964, 53.28978472639767, 54.805759366540904]

[67.37967914438498, 59.39804182279565, 60.47841866611107, 61.21928108883825, 67.18197933089569, 71.62009849662581, 63.950158005390534, 54.32793560248701, 47.99746055365502, 42.78224540701678, 46.80956382124755, 50.87200807413771, 54.89139698348786, 59.796103235453856, 60.312460126813725, 63.35368201729192, 60.443980356187964, 53.28978472639767, 54.805759366540904, 53.496904641689056]

[67.37967914438498, 59.39804182279565, 60.47841866611107, 61.21928108883825, 67.18197933089569, 71.62009849662581, 63.950158005390534, 54.32793560248701, 47.99746055365502, 42.78224540701678, 46.80956382124755, 50.87200807413771, 54.89139698348786, 59.796103235453856, 60.312460126813725, 63.35368201729192, 60.443980356187964, 53.28978472639767, 54.805759366540904, 53.496904641689056, 46.19820566225068]

[67.37967914438498, 59.39804182279565, 60.47841866611107, 61.21928108883825, 67.18197933089569, 71.62009849662581, 63.950158005390534, 54.32793560248701, 47.99746055365502, 42.78224540701678, 46.80956382124755, 50.87200807413771, 54.89139698348786, 59.796103235453856, 60.312460126813725, 63.35368201729192, 60.443980356187964, 53.28978472639767, 54.805759366540904, 53.496904641689056, 46.19820566225068, 50.27586989493703]

[67.37967914438498, 59.39804182279565, 60.47841866611107, 61.21928108883825, 67.18197933089569, 71.62009849662581, 63.950158005390534, 54.32793560248701, 47.99746055365502, 42.78224540701678, 46.80956382124755, 50.87200807413771, 54.89139698348786, 59.796103235453856, 60.312460126813725, 63.35368201729192, 60.443980356187964, 53.28978472639767, 54.805759366540904, 53.496904641689056, 46.19820566225068, 50.27586989493703, 49.93621819849369]

[67.37967914438498, 59.39804182279565, 60.47841866611107, 61.21928108883825, 67.18197933089569, 71.62009849662581, 63.950158005390534, 54.32793560248701, 47.99746055365502, 42.78224540701678, 46.80956382124755, 50.87200807413771, 54.89139698348786, 59.796103235453856, 60.312460126813725, 63.35368201729192, 60.443980356187964, 53.28978472639767, 54.805759366540904, 53.496904641689056, 46.19820566225068, 50.27586989493703, 49.93621819849369, 53.3315502439909]

[67.37967914438498, 59.39804182279565, 60.47841866611107, 61.21928108883825, 67.18197933089569, 71.62009849662581, 63.950158005390534, 54.32793560248701, 47.99746055365502, 42.78224540701678, 46.80956382124755, 50.87200807413771, 54.89139698348786, 59.796103235453856, 60.312460126813725, 63.35368201729192, 60.443980356187964, 53.28978472639767, 54.805759366540904, 53.496904641689056, 46.19820566225068, 50.27586989493703, 49.93621819849369, 53.3315502439909, 54.97576897467194]

[67.37967914438498, 59.39804182279565, 60.47841866611107, 61.21928108883825, 67.18197933089569, 71.62009849662581, 63.950158005390534, 54.32793560248701, 47.99746055365502, 42.78224540701678, 46.80956382124755, 50.87200807413771, 54.89139698348786, 59.796103235453856, 60.312460126813725, 63.35368201729192, 60.443980356187964, 53.28978472639767, 54.805759366540904, 53.496904641689056, 46.19820566225068, 50.27586989493703, 49.93621819849369, 53.3315502439909, 54.97576897467194, 46.65575623609172]

[67.37967914438498, 59.39804182279565, 60.47841866611107, 61.21928108883825, 67.18197933089569, 71.62009849662581, 63.950158005390534, 54.32793560248701, 47.99746055365502, 42.78224540701678, 46.80956382124755, 50.87200807413771, 54.89139698348786, 59.796103235453856, 60.312460126813725, 63.35368201729192, 60.443980356187964, 53.28978472639767, 54.805759366540904, 53.496904641689056, 46.19820566225068, 50.27586989493703, 49.93621819849369, 53.3315502439909, 54.97576897467194, 46.65575623609172, 41.35033078954656]

[67.37967914438498, 59.39804182279565, 60.47841866611107, 61.21928108883825, 67.18197933089569, 71.62009849662581, 63.950158005390534, 54.32793560248701, 47.99746055365502, 42.78224540701678, 46.80956382124755, 50.87200807413771, 54.89139698348786, 59.796103235453856, 60.312460126813725, 63.35368201729192, 60.443980356187964, 53.28978472639767, 54.805759366540904, 53.496904641689056, 46.19820566225068, 50.27586989493703, 49.93621819849369, 53.3315502439909, 54.97576897467194, 46.65575623609172, 41.35033078954656, 43.22931058594302]

[67.37967914438498, 59.39804182279565, 60.47841866611107, 61.21928108883825, 67.18197933089569, 71.62009849662581, 63.950158005390534, 54.32793560248701, 47.99746055365502, 42.78224540701678, 46.80956382124755, 50.87200807413771, 54.89139698348786, 59.796103235453856, 60.312460126813725, 63.35368201729192, 60.443980356187964, 53.28978472639767, 54.805759366540904, 53.496904641689056, 46.19820566225068, 50.27586989493703, 49.93621819849369, 53.3315502439909, 54.97576897467194, 46.65575623609172, 41.35033078954656, 43.22931058594302, 41.510680820600356]

[67.37967914438498, 59.39804182279565, 60.47841866611107, 61.21928108883825, 67.18197933089569, 71.62009849662581, 63.950158005390534, 54.32793560248701, 47.99746055365502, 42.78224540701678, 46.80956382124755, 50.87200807413771, 54.89139698348786, 59.796103235453856, 60.312460126813725, 63.35368201729192, 60.443980356187964, 53.28978472639767, 54.805759366540904, 53.496904641689056, 46.19820566225068, 50.27586989493703, 49.93621819849369, 53.3315502439909, 54.97576897467194, 46.65575623609172, 41.35033078954656, 43.22931058594302, 41.510680820600356, 36.554653164603224]

[67.37967914438498, 59.39804182279565, 60.47841866611107, 61.21928108883825, 67.18197933089569, 71.62009849662581, 63.950158005390534, 54.32793560248701, 47.99746055365502, 42.78224540701678, 46.80956382124755, 50.87200807413771, 54.89139698348786, 59.796103235453856, 60.312460126813725, 63.35368201729192, 60.443980356187964, 53.28978472639767, 54.805759366540904, 53.496904641689056, 46.19820566225068, 50.27586989493703, 49.93621819849369, 53.3315502439909, 54.97576897467194, 46.65575623609172, 41.35033078954656, 43.22931058594302, 41.510680820600356, 36.554653164603224, 40.95022968726643]

[67.37967914438498, 59.39804182279565, 60.47841866611107, 61.21928108883825, 67.18197933089569, 71.62009849662581, 63.950158005390534, 54.32793560248701, 47.99746055365502, 42.78224540701678, 46.80956382124755, 50.87200807413771, 54.89139698348786, 59.796103235453856, 60.312460126813725, 63.35368201729192, 60.443980356187964, 53.28978472639767, 54.805759366540904, 53.496904641689056, 46.19820566225068, 50.27586989493703, 49.93621819849369, 53.3315502439909, 54.97576897467194, 46.65575623609172, 41.35033078954656, 43.22931058594302, 41.510680820600356, 36.554653164603224, 40.95022968726643, 39.348860463772795]

[67.37967914438498, 59.39804182279565, 60.47841866611107, 61.21928108883825, 67.18197933089569, 71.62009849662581, 63.950158005390534, 54.32793560248701, 47.99746055365502, 42.78224540701678, 46.80956382124755, 50.87200807413771, 54.89139698348786, 59.796103235453856, 60.312460126813725, 63.35368201729192, 60.443980356187964, 53.28978472639767, 54.805759366540904, 53.496904641689056, 46.19820566225068, 50.27586989493703, 49.93621819849369, 53.3315502439909, 54.97576897467194, 46.65575623609172, 41.35033078954656, 43.22931058594302, 41.510680820600356, 36.554653164603224, 40.95022968726643, 39.348860463772795, 39.34886046377279]

[67.37967914438498, 59.39804182279565, 60.47841866611107, 61.21928108883825, 67.18197933089569, 71.62009849662581, 63.950158005390534, 54.32793560248701, 47.99746055365502, 42.78224540701678, 46.80956382124755, 50.87200807413771, 54.89139698348786, 59.796103235453856, 60.312460126813725, 63.35368201729192, 60.443980356187964, 53.28978472639767, 54.805759366540904, 53.496904641689056, 46.19820566225068, 50.27586989493703, 49.93621819849369, 53.3315502439909, 54.97576897467194, 46.65575623609172, 41.35033078954656, 43.22931058594302, 41.510680820600356, 36.554653164603224, 40.95022968726643, 39.348860463772795, 39.34886046377279, 46.965529580760084]

[67.37967914438498, 59.39804182279565, 60.47841866611107, 61.21928108883825, 67.18197933089569, 71.62009849662581, 63.950158005390534, 54.32793560248701, 47.99746055365502, 42.78224540701678, 46.80956382124755, 50.87200807413771, 54.89139698348786, 59.796103235453856, 60.312460126813725, 63.35368201729192, 60.443980356187964, 53.28978472639767, 54.805759366540904, 53.496904641689056, 46.19820566225068, 50.27586989493703, 49.93621819849369, 53.3315502439909, 54.97576897467194, 46.65575623609172, 41.35033078954656, 43.22931058594302, 41.510680820600356, 36.554653164603224, 40.95022968726643, 39.348860463772795, 39.34886046377279, 46.965529580760084, 45.04188422986181]

[67.37967914438498, 59.39804182279565, 60.47841866611107, 61.21928108883825, 67.18197933089569, 71.62009849662581, 63.950158005390534, 54.32793560248701, 47.99746055365502, 42.78224540701678, 46.80956382124755, 50.87200807413771, 54.89139698348786, 59.796103235453856, 60.312460126813725, 63.35368201729192, 60.443980356187964, 53.28978472639767, 54.805759366540904, 53.496904641689056, 46.19820566225068, 50.27586989493703, 49.93621819849369, 53.3315502439909, 54.97576897467194, 46.65575623609172, 41.35033078954656, 43.22931058594302, 41.510680820600356, 36.554653164603224, 40.95022968726643, 39.348860463772795, 39.34886046377279, 46.965529580760084, 45.04188422986181, 43.44494470641441]

